test_acc:0.7149
test_auc:0.7804
tp:828.0000
fp:328.0000
tn:807.0000
fn:324.0000
ppr:0.7163
npr:0.7135
recall:0.7188
tr:1.0728
ta:0.7149
f1:0.717504
mcc:0.429777
