test_acc:0.7045
test_auc:0.7693
test_:0.7693
tp:2740.0000
fp:1166.0000
tn:2560.0000
fn:1057.0000
ppr:0.7216
npr:0.6871
recall:0.7216
tr:1.0570
ta:0.7045
f1:0.711411
mcc:0.408970
