test_acc:0.7164
test_auc:0.7942
test_:0.7942
tp:1616.0000
fp:669.0000
tn:1163.0000
fn:431.0000
ppr:0.7894
npr:0.6348
recall:0.7894
tr:1.0746
ta:0.7164
f1:0.746076
mcc:0.430507
