test_acc:0.5997
test_auc:0.6295
tp:1126.0000
fp:743.0000
tn:1130.0000
fn:763.0000
ppr:0.6025
npr:0.5969
recall:0.5961
tr:0.2571
ta:0.5997
f1:0.599255
mcc:0.199395
