test_acc:0.6975
test_auc:0.7629
test_:0.7629
tp:1370.0000
fp:619.0000
tn:1254.0000
fn:519.0000
ppr:0.7253
npr:0.6695
recall:0.7253
tr:0.2990
ta:0.6975
f1:0.706550
mcc:0.395414
