test_acc:0.6540
test_auc:0.7266
tp:1426.0000
fp:721.0000
tn:1111.0000
fn:621.0000
ppr:0.6642
npr:0.6415
recall:0.6966
tr:0.9811
ta:0.6540
f1:0.680019
mcc:0.304351
