test_acc:0.5939
test_auc:0.6353
tp:2305.0000
fp:1563.0000
tn:2163.0000
fn:1492.0000
ppr:0.5959
npr:0.5918
recall:0.6071
tr:0.8911
ta:0.5939
f1:0.601435
mcc:0.187640
