test_acc:0.6205
test_auc:0.6610
tp:1491.0000
fp:916.0000
tn:916.0000
fn:556.0000
ppr:0.6194
npr:0.6223
recall:0.7284
tr:0.9308
ta:0.6205
f1:0.669511
mcc:0.234960
