test_acc:0.5994
test_auc:0.6480
tp:2199.0000
fp:1416.0000
tn:2310.0000
fn:1598.0000
ppr:0.6083
npr:0.5911
recall:0.5791
tr:0.8993
ta:0.5994
f1:0.593362
mcc:0.199252
