test_acc:0.6864
test_auc:0.7560
tp:2625.0000
fp:1187.0000
tn:2539.0000
fn:1172.0000
ppr:0.6913
npr:0.6814
recall:0.6913
tr:0.6864
ta:0.6864
f1:0.689972
mcc:0.372780
