test_acc:0.5563
test_auc:0.6434
test_:0.6434
tp:3478.0000
fp:3019.0000
tn:707.0000
fn:319.0000
ppr:0.5353
npr:0.6891
recall:0.9160
tr:0.8347
ta:0.5563
f1:0.675733
mcc:0.154037
