test_acc:0.6005
test_auc:0.6513
test_:0.6513
tp:879.0000
fp:614.0000
tn:693.0000
fn:432.0000
ppr:0.5887
npr:0.6160
recall:0.6705
tr:0.2574
ta:0.6005
f1:0.626961
mcc:0.202715
