test_acc:0.7267
test_auc:0.8019
tp:1574.0000
fp:587.0000
tn:1245.0000
fn:473.0000
ppr:0.7689
npr:0.6796
recall:0.7689
tr:0.7267
ta:0.7267
f1:0.748099
mcc:0.450775
