test_acc:0.6861
test_auc:0.7545
tp:1364.0000
fp:656.0000
tn:1217.0000
fn:525.0000
ppr:0.7221
npr:0.6498
recall:0.7221
tr:0.6861
ta:0.6861
f1:0.697877
mcc:0.372851
