test_acc:0.8277
test_auc:0.9066
tp:931.0000
fp:173.0000
tn:962.0000
fn:221.0000
ppr:0.8082
npr:0.8476
recall:0.8082
tr:0.8277
ta:0.8277
f1:0.825355
mcc:0.656110
