test_acc:0.6597
test_auc:0.7336
tp:1352.0000
fp:625.0000
tn:1207.0000
fn:695.0000
ppr:0.6839
npr:0.6346
recall:0.6605
tr:0.9896
ta:0.6597
f1:0.671968
mcc:0.318890
