test_acc:0.6257
test_auc:0.6634
tp:1418.0000
fp:823.0000
tn:1009.0000
fn:629.0000
ppr:0.6328
npr:0.6160
recall:0.6927
tr:0.9385
ta:0.6257
f1:0.661381
mcc:0.246103
