test_acc:0.7061
test_auc:0.7677
test_:0.7677
tp:1411.0000
fp:504.0000
tn:1328.0000
fn:636.0000
ppr:0.7368
npr:0.6762
recall:0.6893
tr:1.0592
ta:0.7061
f1:0.712267
mcc:0.413589
