test_acc:0.5981
test_auc:0.6304
tp:1124.0000
fp:747.0000
tn:1126.0000
fn:765.0000
ppr:0.6007
npr:0.5955
recall:0.5950
tr:0.2564
ta:0.5981
f1:0.597872
mcc:0.196199
