test_acc:0.7879
test_auc:0.8619
test_:0.8619
tp:925.0000
fp:258.0000
tn:877.0000
fn:227.0000
ppr:0.8030
npr:0.7727
recall:0.8030
tr:1.1824
ta:0.7879
f1:0.792291
mcc:0.575966
