test_acc:0.7628
test_auc:0.8562
test_:0.8562
tp:1678.0000
fp:551.0000
tn:1281.0000
fn:369.0000
ppr:0.8197
npr:0.6992
recall:0.8197
tr:1.1442
ta:0.7628
f1:0.784846
mcc:0.524045
