test_acc:0.6203
test_auc:0.6595
test_:0.6595
tp:1429.0000
fp:855.0000
tn:977.0000
fn:618.0000
ppr:0.6257
npr:0.6125
recall:0.6981
tr:0.9304
ta:0.6203
f1:0.659894
mcc:0.234769
