test_acc:0.8146
test_auc:0.8909
tp:1681.0000
fp:353.0000
tn:1479.0000
fn:366.0000
ppr:0.8212
npr:0.8073
recall:0.8212
tr:0.8146
ta:0.8146
f1:0.823818
mcc:0.628296
