test_acc:0.6845
test_auc:0.7614
test_:0.7614
tp:131.0000
fp:62.0000
tn:125.0000
fn:56.0000
ppr:0.7005
npr:0.6684
recall:0.7005
tr:1.0323
ta:0.6845
f1:0.689474
mcc:0.369174
