test_acc:0.6872
test_auc:0.7088
tp:129.0000
fp:59.0000
tn:128.0000
fn:58.0000
ppr:0.6862
npr:0.6882
recall:0.6898
tr:1.0363
ta:0.6872
f1:0.688000
mcc:0.374337
