test_acc:0.6096
test_auc:0.6909
test_:0.6909
tp:89.0000
fp:48.0000
tn:139.0000
fn:98.0000
ppr:0.6496
npr:0.5865
recall:0.4759
tr:0.9194
ta:0.6096
f1:0.549383
mcc:0.227536
