test_acc:0.7353
test_auc:0.7924
tp:137.0000
fp:49.0000
tn:138.0000
fn:50.0000
ppr:0.7326
npr:0.7380
recall:0.7326
tr:0.7353
ta:0.7353
f1:0.734584
mcc:0.470595
