test_acc:0.6760
test_auc:0.7606
tp:753.0000
fp:342.0000
tn:793.0000
fn:399.0000
ppr:0.6877
npr:0.6653
recall:0.6536
tr:1.0144
ta:0.6760
f1:0.670227
mcc:0.352632
