test_acc:0.7490
test_auc:0.8220
test_:0.8220
tp:810.0000
fp:232.0000
tn:903.0000
fn:342.0000
ppr:0.7774
npr:0.7253
recall:0.7031
tr:1.1240
ta:0.7490
f1:0.738377
mcc:0.500682
