test_acc:0.6604
test_auc:0.6880
tp:135.0000
fp:75.0000
tn:112.0000
fn:52.0000
ppr:0.6429
npr:0.6829
recall:0.7219
tr:0.9960
ta:0.6604
f1:0.680101
mcc:0.323310
